0000700040
4000700000
0040700000
0000704000
0000700400
0400700000
0000740000
0004700000
0700000400
0400000700
0007040000
0004070000
0000000470
7400000000
0000040070
0070040000
0004007000
7004000000
0470000000
0000007400
7000040000
0004000070
7000000400
0400007000
0070000400
0400000070
0000047000
0074000000
0700000040
4000000700
0007000040
0047000000
0000074000
4000070000
0040000700
0700004000
0000400070
7000400000
0070400000
0000407000
0700040000
0004000700
0007000400
0407000000
0000070400
0400070000
0000040700
0704000000
0070000040
4000007000
0000007040
7040000000
0000004070
4070000000
0040000070
7000004000
4007000000
0000070040
4700000000
0000004700
0740000000
0000000740
0007004000
0040070000
0700400000
0000400700
0007400000
0000470000
0040007000
0070004000
4000000070
7000000040
