0070700040
4000707000
0000707040
7040700000
0000704070
4070700000
0040700070
7000704000
0000770400
0407700000
0000740700
0700740000
0004700700
0704700000
0400770000
0007700400
0700007400
0470000700
0077040000
0007040070
7004070000
0004077000
7400000700
0700000470
0007700040
4000770000
0700700040
0040700700
0700704000
4000700700
0047700000
0000774000
0007704000
0040770000
0740700000
0000700740
4700700000
0000704700
4007700000
0000770040
0070000470
7400007000
0000047070
7070040000
0004007070
7074000000
0470000070
7000007400
7700040000
0004000770
7007000400
0407007000
0070070400
0400070070
0000047700
0774000000
0707040000
0004070700
0707000400
0407000700
0700070400
0400070700
0007040700
0704070000
7700000040
4000000770
7007000040
0047007000
0070074000
4000070070
0040007700
0770004000
7400000070
7000000470
7004000070
0074007000
0070047000
7000040070
0070007400
0470007000
0040000770
7700004000
0000074070
4070070000
0007007040
7047000000
0770000040
4000007700
0007000740
4700070000
0700070040
0040070700
0707004000
4007000700
0747000000
0000074700
0000470070
7007400000
0000400770
0770400000
0000407700
7700400000
0070470000
0007407000
0077000040
4000077000
0700007040
7040000700
0700004070
4070000700
0047000070
7000074000
7000470000
0007400070
7000400700
0700407000
0070400700
0700400070
0000477000
0077400000
0407070000
0007070400
0704000700
0700040700
4007070000
0007070040
4700000700
0700004700
0740000700
0700000740
0007074000
0047070000
0070000740
4700007000
0000077040
7040070000
0007004070
4077000000
0740000070
7000004700
0707400000
0000470700
0007400700
0700470000
7007040000
0004070070
7700000400
0400007700
0770000400
0400000770
0007047000
0074070000
0000077400
0477000000
0070040700
0700040070
7004000700
0704007000
7400070000
0007000470
0070400070
7000407000
0000407070
7070400000
0004007700
0770040000
0470070000
0000070470
7407000000
0007007400
7704000000
0000040770
0077004000
0040077000
0740007000
7000000740
4700000070
0070004700
4007000070
7000070040
0000707400
0470700000
0070740000
0000740070
7004700000
0004707000
7400700000
0000700470
0007740000
0004770000
0700700400
0400700700
0007004700
0740070000
0000070740
4707000000
4000007070
7070000040
4070000070
0070004070
7040007000
7000007040
7070004000
0040007070
0070070040
4007007000
0000007740
7740000000
0000004770
4770000000
0040070070
7007004000
7000040700
0704000070
7000070400
0400077000
0077000400
0407000070
0700047000
0074000700
0700074000
0047000700
0707000040
4000070700
7470000000
0000007470
7004007000
0070040070
7040000070
7000004070
4070007000
0070007040
0400707000
0070700400
0074700000
0004700070
7000740000
0000747000
7000700400
0400700070
7000400070
0070407000
7000700040
4000700070
0040707000
0070704000
7070000400
0400007070
7000047000
0074000070
0007470000
0700400700
