4070700040
4000707040
7040704000
0040704070
0000770440
4407700000
0000740740
0740740000
0004704700
4704700000
0440770000
0007704400
0700007440
4470000700
0077040040
0047040070
7004074000
4004077000
7440000700
0700004470
0007700440
4400770000
0700740040
0040740700
0704704000
4004700700
0447700000
0000774400
0007704040
4040770000
0740700040
0040700740
4700704000
4000704700
4047700000
0000774040
0070004470
7440007000
0040047070
7070040040
4004007070
7074004000
4470000070
7000007440
7704040000
0004040770
7407000400
0407007400
0470070400
0400070470
0004047700
0774040000
0707044000
0044070700
0747000400
0407000740
4700070400
0400074700
4007040700
0704070040
7704000040
4000040770
7407000040
0047007400
0470074000
4000070470
0044007700
0770044000
7400004070
7040000470
7044000070
0074007040
4070047000
7000044070
4070007400
0470007040
4000700740
4700700040
4000770040
0040774000
0047704000
4007700040
0740704000
0040704700
0040040770
7704004000
0000074470
4470070000
0007007440
7447000000
0770040040
4004007700
4007000740
4700070040
0040074700
0747004000
0000470470
7407400000
0000440770
0770440000
0004407700
7704400000
0470470000
0007407400
0477000040
4000077400
0704007040
7044000700
0700044070
4070040700
0047000470
7400074000
7000474000
0047400070
7040400700
0700407040
4070400700
0700404070
4000477000
0077400040
0407070400
0704040700
4047070000
0007074040
4700004700
0740000740
0070040740
4704007000
0000077440
7440070000
0007004470
4477000000
0740040070
7004004700
0747400000
0000474700
0707404000
4007400700
0700470040
0040470700
0007400740
4700470000
7007040040
4004070070
7700000440
0440007700
0770004400
4400000770
0047047000
0074074000
0040077400
0477004000
0070044700
4700040070
7004000740
0744007000
7400070040
4007000470
7000400470
7400400070
7000440070
0070447000
0074407000
7004400070
0470407000
0070407400
0047074000
0740004700
4700000740
4007070040
0070440070
7004407000
0000407470
7470400000
4047007000
0070074040
4770004000
4000004770
7740000040
0040007740
7007004040
4040070070
0404007700
0770040400
0474070000
0004070470
7407040000
0007047400
7704000400
0400040770
0077044000
0044077000
0740007400
7400000740
4700000470
0470004700
4007040070
7004070040
4470700000
0000707440
4004707000
7004704000
0040740070
0070740040
0000704470
7440700000
7074400000
0000447070
7400407000
7000407400
0470400070
0070400470
0004407070
7070440000
4000074700
0747000040
4040070700
0700074040
4047000700
0707004040
4700074000
0047000740
7700004400
0440000770
7047040000
0007047040
4074070000
0004074070
4400007700
0770000440
0470004070
7040007400
0044007070
7074000040
4000047070
7070044000
4070000470
7400007040
7000400740
4700400070
7000470040
0040477000
0077404000
4007400070
0740407000
0070404700
4000707400
0470700040
4070740000
0000744070
7044700000
0004707040
7400704000
0040700470
0400004770
7740000400
0044070070
0074070040
4007047000
7007044000
4770000400
0400007740
4007740000
0004770040
4700700400
0400704700
0740700400
0400700740
0007744000
0044770000
0440070700
0707004400
0004074700
4704070000
0007040740
0747040000
0700070440
4407000700
4007004700
0740070040
4740070000
0000074740
4747000000
0007004740
4707004000
0040070740
4000407070
7070400040
4070400070
0070404070
7040407000
7000407040
7070404000
0040407070
0070470040
4007407000
0000407740
7740400000
0000404770
4770400000
0040470070
7007404000
7000040740
4704000070
7000070440
0440077000
0077004400
4407000070
0740047000
0074004700
0740074000
0047004700
4707000040
4000070740
0074400070
7000447000
0400407070
7070400400
0704700040
4000740700
0407700040
0047700400
0400774000
4000770400
0044700700
0700744000
7007400400
0400470070
7700440000
0000447700
0774400000
0004400770
0407407000
0070470400
7470000040
4000007470
7004007040
7044007000
0070044070
4070040070
0040007470
7470004000
0704470000
0007440700
0407400700
0707400400
0400470700
0700470400
0004470700
0707440000
0070700440
4400707000
0000747040
7040740000
0004704070
4074700000
0440700070
7000704400
4077040000
0004077040
4700007400
7400004700
0740000470
0470000740
0007044070
7044070000
0007407040
4070470000
0770400040
0040400770
7700404000
4000407700
7047400000
0000474070
4000774000
0047700040
4040700700
0700704040
7040400070
7000404070
4070407000
0070407040
0400707400
0470700400
0074740000
0004740070
7004740000
0004747000
7400700400
0400700470
7400400700
0700400470
7004470000
0004477000
0077440000
0007440070
0700407400
0470400700
4407007000
0070070440
4774000000
0004004770
7740040000
0000047740
7007004400
0440070070
0700404700
0740400700
0047470000
0007470040
4007470000
0007474000
4700400700
0700400740
7047000040
4000074070
7700004040
4040007700
0770004040
4040000770
0047007040
4070074000
7000047400
0474000070
7070040400
0400047070
7074000400
0404007070
7400047000
0074000470
0400770040
4007700400
0004700740
0744700000
0000744700
4700740000
0040770400
0407704000
0440007070
7070004400
0074004070
4074000070
7000047040
7040047000
7070000440
4400007070
7000074400
0447000070
7040040700
0700047040
4074000700
0704004070
4400077000
0077000440
0700040740
4704000700
0007070440
0447070000
0007074400
4407070000
0740040700
0704004700
0047070040
4007074000
0700004740
4740000700
0074040700
0704047000
0400077400
7400070400
0407000470
0477000400
0704040070
7004040700
4707040000
0004070740
4707000400
0407004700
0740070400
0400070740
0007044700
0744070000
7000004470
7440000070
7040040070
0070047040
4074007000
7004004070
4470007000
0070007440
7404070000
0007040470
7404000700
0704007400
0470040700
0700040470
0004077400
0477040000
0474007000
0070047400
7004000470
7400040070
4040077000
0077004040
4070004700
4700004070
7040000740
0740007040
7000074040
4047000070
7040070040
4007004070
7000004740
4740007000
0070004740
4740000070
0040077040
4077004000
7000740040
4004700070
7000700440
0440707000
0070704400
4400700070
0040747000
0074704000
0400477000
0077400400
0074400700
0704400070
7000440700
0700447000
7000470400
0407400070
0470740000
0004707400
7404700000
0000740470
4004000770
7700040040
4400070070
0070074400
0447007000
7007000440
0774004000
0040047700
0470040070
7004007400
0004007470
7474000000
0000047470
7470040000
0070040470
7404007000
0007400470
7400470000
0700440070
0070440700
0704407000
7004400700
0477400000
0000477400
0044707000
0070744000
0470704000
4000700470
7400700040
0040707400
7004700040
4000740070
0404707000
0070740400
0474700000
0004700470
7400740000
0000747400
7004700400
0400740070
7740004000
0040004770
7047004000
4007007040
4070070040
0040074070
4000007740
4770000040
0407700400
0400770400
0704740000
0004740700
7000740400
0404700070
0400747000
0074700400
4000470070
7007400040
4000400770
0770404000
0040407700
7700400040
0070474000
0047407000
0077040400
0404077000
0700047400
7400040700
0704000470
0474000700
0407040070
7004070400
0044700070
7000744000
0400704070
4070700400
0400707040
7040700400
0074700040
4000747000
0470000470
7400007400
0004047070
7074040000
7700044000
0044000770
7047000400
0407007040
4070070400
0400074070
4000047700
0774000040
7007040400
0404070070
7700040400
0400047700
0774000400
0404000770
0407047000
0074070400
0704000740
4700040700
0407070040
0047070400
0407074000
4007070400
0744000700
0700044700
7000044700
0744000070
7040070400
0400077040
4077000400
0407004070
4700047000
0074000740
7000040470
7404000070
0470047000
0074007400
0740400070
7000404700
0007404070
4077400000
0000477040
7040470000
0070400740
4700407000
4070007040
7040004070
0740004070
7040004700
0047004070
4077000040
4000077040
7040074000
4070000740
4700007040
0047040700
0704074000
0700074400
4400070700
0707000440
0447000700
0707040040
4004070700
0470070040
4007007400
0004007740
7744000000
0000044770
4770040000
0040070470
7407004000
0704700400
0400740700
0407740000
0007740400
0404770000
0004770400
0404700700
0700740400
7007440000
0004470070
7700400400
0400407700
0770400400
0400400770
0007447000
0074470000
7004040070
7400000470
0470007400
0074047000
4070704000
0040707040
4040707000
7000704040
4040700070
0070704040
4000704070
7040700040
4004770000
0007740040
4400700700
0700704400
0440700700
0700700440
0004774000
0047740000
4040007070
7070004040
4070004070
7040007040
0407040700
0704070400
0404070700
0707040400
0007404700
0740470000
0000470740
4707400000
4740700000
0000704740
4007704000
0040770040
7004047000
0074040070
7470000400
0400007470
0700440700
0704400700
0007470400
0407470000
