4070707042
7040704072
0700770440
4407700700
0007740740
0747740000
0004774700
4704770000
0440770700
0707704400
0707007440
4470070700
0777040040
0047040770
7704074000
4004077700
7447000700
0700074470
0707700440
4400770700
0707740040
0047740700
0704774000
4004770700
0447700700
0700774400
0007704740
4740770000
0740770040
0040770740
4707704000
4007704700
4747700000
0000774740
0070704470
7440707000
0040747070
7070740040
4004707070
7074704000
4470700070
7000707440
7704040700
0704040770
7407070400
0407077400
0477070400
0407070470
0704047700
0774040700
0707744000
0044770700
0747700400
0407700740
4700770400
0400774700
4007740700
0704770040
7774000042
4000047772
7407007042
7047007402
0470074072
4070070472
0044007772
7770044002
7400004770
7740000470
7044070070
0074077040
4077047000
7007044070
4770007400
0470007740
4007700740
4700770040
0040774700
0747704000
0040740770
7704704000
0000774470
4470770000
0007707440
7447700000
0770740040
4004707700
4007007740
4770070040
0040074770
7747004000
7000470470
7407400070
7000440770
0770447000
0074407700
7704400070
0470477000
0077407400
7700740040
4004700770
7007700440
0447707000
0070774400
4400770070
0040747700
0774704000
0477070040
4007077400
0704007740
7744000700
0700044770
4770040700
0047070470
7407074000
7007474000
0047470070
7740400700
0700407740
4770400700
0700404770
4007477000
0077470040
0407770402
0704740702
4747070000
0007074740
4707004700
0740070740
0070740740
4704707000
0000777440
7440770000
0007704470
4477700000
0740740070
7004704700
0747407000
0070474700
0777404000
4007400770
7700470040
0040477700
7007400740
4700470070
7007740040
4004770070
7700700440
0440707700
0770704400
4400700770
0047747000
0074774000
4000770740
4707700040
0740774000
0047704700
0740077400
0477004700
0077044700
4707040070
7004070740
0744077000
7400070740
4707000470
7007400470
7400470070
7700440070
0070447700
0774407000
7004400770
0477407000
0070477400
0047074700
0747074000
0740074700
4700070740
4707000740
0747004700
4707070040
4007070740
0070440770
7704407000
0000477470
7470470000
0007407470
7477400000
0770440070
7004407700
0740700742
4700704702
0007774042
4047770002
4047007700
0770074040
4770074000
4000074770
7747000040
0047007740
7707004040
4040070770
0404707700
0770740400
0474770000
0004770470
7407740000
0007747400
7704700400
0400740770
7074470000
0007447070
7400407700
7700407400
0470400770
0770400470
0004477070
7077440000
4000774700
0747700040
4040770700
0700774040
4047700700
0707704040
4700774000
0047700740
7400007740
4770000470
7074070040
0044077070
7077044000
4007047070
7740007400
0470004770
7700704400
0440700770
7047740000
0007747040
4074770000
0004774070
4400707700
0770700440
0477004070
7040077400
0744007070
7074000740
4700047070
7070044700
4077000470
7400077040
4700707400
0470700740
4077740000
0007744070
7044770000
0004777040
7400704700
0740700470
0400074770
7747000400
0044070770
0774070040
4007047700
7707044000
4770070400
0407007740
7440700700
0700704470
7004774000
4004777000
0077740040
0047740070
0700707440
4470700700
4007747000
0074770040
4770700400
0400704770
7740700400
0400707740
7007744000
0044770070
4000407772
7770400042
4070470072
0070474072
7047407002
7007407042
7770404002
0040407772
7070404700
0740407070
7040477000
7000477040
4077400070
0077404070
4700407070
7070400740
7070470040
4007407070
7000407740
7740407000
0070404770
4770400070
0040477070
7077404000
7700040740
4704000770
7007070440
0447077000
0077074400
4407070070
0740047700
0774004700
7740074000
0047004770
7047004700
4707007040
4070070740
0740074070
4000077740
4777000040
4077700040
4000777040
4700707040
7040704700
0740704070
4070700740
0047704070
7040774000
0074470072
7007447002
0400407772
7770400402
4770700040
4000707740
4007707040
7047704000
0040774070
4070770040
0040704770
7740704000
0407004770
7740070400
0744070070
0074070740
4707047000
7007044700
4777000400
0400077740
0704700742
4700740702
0407770042
0047770402
0407774002
4007770402
0744700702
0700744702
0070047740
4774007000
0070077440
7440070070
7007004470
4477007000
7740040070
7004004770
7707400400
0400470770
7707440000
0007447700
0774470000
0004470770
0407407700
0770470400
7040470700
0707404070
7000474700
4700477000
0077400740
0747400070
0700477040
4077400700
7400477000
0077400470
7074400700
0704407070
7070440700
0700447070
7000477400
0477400070
7470070040
4007007470
7004007740
7744007000
0070044770
4770040070
0040077470
7477004000
0704470700
0707440700
0407470700
0707470400
7070700440
4400707070
7000747040
7040747000
0074704070
4074700070
0440707070
7070704400
0077407040
4070477000
0770407040
7040400770
7700404070
4070407700
7047400070
7000474070
4070774000
0047707040
4040707700
7700704040
4040700770
0770704040
4000774070
7047700040
0400707470
7470700400
0074740070
7004747000
4407007700
0770070440
4774070000
0004074770
7747040000
0007047740
7707004400
0440070770
4077040700
0704077040
4700077400
7400074700
0747000470
0477000740
0707044070
7044070700
7700404700
0740400770
7047470000
0007477040
4077470000
0007474070
4700407700
0770400740
4077040070
7004077040
4700007470
7470004700
0740007470
7470000740
0077044070
7044077000
7007047402
0474070072
7770040402
0400047772
7774000402
0404007772
7407047002
0074070472
0400777400
0477700400
0074740700
0704740070
7004740700
0704747000
7400770400
0407700470
7440007070
7070004470
7074004070
4074007070
7070047040
7040047070
7070007440
4470007070
7040070470
7407004070
7000044770
4770047000
0074007740
7744000070
0470077040
4077007400
7070074400
0447007070
7040047700
7700047040
4074000770
0774004070
4400077070
7077000440
4040777000
0077704040
4070704700
4700704070
7040700740
0740707040
7000774040
4047700070
0700047740
4774000700
0077070440
0447070070
7007074400
4407077000
7740040700
0704004770
0747070040
4007074700
0707004740
4747000700
0700074740
4740070700
0047070740
4707074000
0074040770
7704047000
0400077470
7470070400
0407007470
7477000400
0774040070
7004047700
4777040000
0004077740
4707007400
7407004700
0740070470
0470070740
0007044770
7744070000
4070047070
7074007040
4070007470
7470004070
7040007470
7470007040
7070044070
7044007070
4000704770
7740700040
4040770070
0070774040
4047707000
7007704040
4770704000
0040707740
7070440070
7004407070
7000407470
7470407000
0070407470
7470400070
0070447070
7074407000
7700004470
7440000770
7047040070
0077047040
4074077000
7004074070
4470007700
0770007440
7404070070
7007040470
7404000770
0774007400
0470047700
7700040470
0074077400
0477047000
0474007700
0770047400
0474077000
7004070470
7407040070
0077047400
7704000470
7400040770
4047077000
0077074040
4770004700
4700004770
7740000740
0740007740
7007074040
4047070070
7040070740
4707004070
7000074740
4740077000
0077004740
4747000070
0740077040
4077004700
7000740740
4704700070
7000770440
0440777000
0077704400
4407700070
0740747000
0074704700
0407477000
0077470400
0774400700
0704400770
7700440700
0700447700
7007470400
0407470070
0740740702
0704704702
0007774402
4407770002
0007770442
0447770002
0700740742
4704700702
4070047700
0774007040
4070077400
7400074070
7047000470
0477007040
7700044070
7044000770
4000770470
7407700040
4000740770
0770744000
0044707700
7704700040
0470774000
0047707400
7470740000
0004707470
7004707400
7404707000
0070740470
0470740070
0000747470
7474700000
4004007772
7770040042
4470070072
0070074472
7447007002
7007007442
7774004002
0040047772
7447000070
7000074470
7704004070
4074007700
0770047040
7040040770
0077007440
4470077000
7470040070
7004007470
7474007000
0070047470
4070004770
7740007040
4040077070
7070074040
4047007070
7077004040
4770004070
7040007740
4400007772
7770000442
4074070072
0074074072
7047047002
7007047042
7770004402
0440007772
0004704770
7740740000
0440770070
0070770440
4407707000
7007704400
4774700000
0000747740
7004477000
0077440070
7470400700
0700407470
0704407700
0770440700
0477470000
0007470470
7407470000
0007477400
7704400700
0700440770
0404777000
0077740400
0474700700
0704700470
7400740700
0700747400
7004770400
0407740070
7740004700
0740004770
7047074000
4007077040
4077070040
0047074070
4700007740
4770000740
4704007700
0770040740
4477070000
0007074470
7447070000
0007077440
7704004700
0740040770
7074400070
7000447070
7400407070
7070407400
0470407070
7070400470
0074407070
7070447000
7074000470
7400047070
7070047400
0474007070
7000704472
7440700072
7040740072
0070747042
4074707002
7004704072
4470707002
0070707442
7070740400
0404707070
7000747400
7400747000
0074700470
0474700070
0400747070
7074700400
4707470000
0007470740
4707400700
0707404700
0740470700
0700470740
0007474700
0747470000
7704470000
0007440770
7407400700
0707407400
0470470700
0700470470
0004477700
0777440000
0707440070
7004470700
0707400470
0477400700
0700477400
7400470700
0077440700
0704477000
0000447772
7774400002
0070470472
0470470072
7007407402
7407407002
7770440002
0004407772
0777004400
0440077700
0747047000
7007040740
4704070070
0074074700
4407000770
7700070440
0040777040
4077704000
0070704740
4740700070
7000704740
4740707000
7040770040
4007704070
4007470070
7007470040
4700400770
0770404700
0740407700
7700400740
0077474000
0047477000
0070744070
7044707000
0040707470
7470700040
4000707470
7470704000
4070740070
7004707040
7077400040
4000477070
7700407040
7040407700
0770404070
4070400770
0047407070
7070474000
7077040400
0404077070
7700047400
7400047700
0774000470
0474000770
0407047070
7074070400
7044700072
7000744072
7400704072
4070707402
0470707042
7040700472
0074707042
4070747002
0400770470
7407700400
0004740770
0774740000
0004747700
7704740000
0470770400
0407707400
0474707002
0070747402
7004700472
7400740072
4000777400
0477700040
4070740700
0700744070
7044700700
0704707040
7400774000
0047700470
0400774070
7047700400
0044700770
0774700040
4000747700
7700744000
4070770400
0407707040
4070470700
0707407040
4000477700
7700474000
0047400770
0777400040
0700474070
7047400700
7470000470
7400007470
7004047070
7074047000
0074047070
7074040070
0470007470
7470007400
0774047000
0074047700
0477007400
7407000470
7400070470
0470077400
7004040770
7704040070
0470704070
7040707400
0044707070
7074700040
4000747070
7070744000
4070700470
7400707040
7740070040
4007004770
7007004740
4747007000
0070074740
4740070070
0040077740
4777004000
4007770042
4700700742
0740704702
0047774002
7704000740
4700040770
7407070040
0047077400
0477074000
4007070470
0744007700
0770044700
0007047470
7474070000
0770040470
0470040770
7704007400
7404007700
7477040000
0004077470
7707040400
0404070770
0407047700
0774070400
0007740470
7404770000
0700740470
0470740700
0704707400
7404700700
0477740000
0004777400
7700044700
0744000770
7047070400
0407077040
4077070400
0407074070
4700047700
0774000740
0704077400
0477040700
0707040470
7404070700
0447070700
0707074400
0704074700
4704070700
0707040740
0747040700
0707070440
4407070700
7000740472
7404700072
0470747002
0074707402
0407074700
0747070400
0744070700
0704070740
4707040700
0707044700
4707070400
0407070740
0074007470
7470047000
0470047070
7070040470
7404007070
7074007400
7474000070
7000047470
0707004470
7440070700
0747040070
0077040740
4704077000
7004074700
4477000700
0700077440
4700470700
0707400740
4007470700
0707474000
0047470700
0707470040
0700474700
0747400700
0407704070
7040770400
0744700070
0074700740
4700747000
7000744700
4077700400
0400777040
7740400070
7000404770
7007404070
4077407000
0070477040
7040470070
0070407740
4770407000
4707400070
7000470740
0077404700
0740477000
4770007040
4070007740
4077007040
7047004070
7040074070
4070077040
7040004770
7740004070
0774700400
0400747700
0407747000
7007740400
0404770070
0074770400
0404700770
7700740400
0440077070
7077004400
0074004770
4774000070
7000047740
7740047000
7070070440
4407007070
0770474000
0047407700
7707400040
4000470770
7747400000
0000474770
7707404000
4007407700
0770470040
0040470770
0007407740
4770470000
7007440700
0704470070
7700470400
0400477700
0777400400
0407400770
0707447000
0074470700
0477000470
7400077400
0704047070
7074040700
0700704742
4740700702
0047770042
4007774002
7007404700
0740470070
7740470000
0000477740
4777400000
0007404770
4707407000
0070470740
0074400770
7700447000
0400477070
7070470400
0407407070
7077400400
0774400070
7000447700
0447700070
7000774400
0704704070
4074700700
0700747040
7040740700
0077700440
4400777000
7070407040
4070407070
7040407070
7070404070
0700047470
7474000700
0077040470
0477040070
7004077400
7404077000
7470040700
0704007470
7700074040
4047000770
7047000740
0747007040
4070074700
4700074070
4040077700
0777004040
7074740000
0004747070
7400707400
0470700470
7407040700
0704070470
7704070400
0404077700
0777040400
0407040770
0707047400
0474070700
4700074700
0747000740
4047070700
0707074040
4770740000
0004707740
4007707400
7407704000
0040770470
0470770040
0000744770
7744700000
0470074700
0747007400
0044077700
7704070040
4007040770
0777044000
4700070470
7407000740
0044777000
0077744000
0470704700
4700700470
7400700740
0740707400
7004770040
4007740070
0770407400
0470407700
0077447000
7007440070
7004470070
0074477000
7400400770
7700400470
0047047700
0774074000
0770074400
4400070770
7707000440
0447007700
7707040040
4004070770
0707740400
0404770700
0407740700
0704770400
4007074070
7047070040
4740000770
0770004740
4740007700
7700004740
4077074000
0047077040
