0700774441
4447700701
0047740741
0747740041
4004774701
4704774001
4440770701
0707704441
0707047440
4474070700
0777040440
0447040770
7704074400
4404077700
7447040700
0704074470
4707700440
4400770740
4707740040
0047744700
0744774000
4004770740
0447704700
0740774400
4007704740
4740770040
0040774740
4747704000
0074704470
7440747000
0440747070
7070740440
4404707070
7074704400
4474700070
7000747440
7704440701
0704440771
7407470401
0407477401
0477470401
0407470471
0704447701
0774440701
4707744000
0044770740
4747700400
0407704740
4740770400
0400774740
4007744700
0744770040
7400404770
7740400470
7044470070
0074477040
4077447000
7007444070
4770407400
0470407740
4407700740
4700770440
4704770040
0044774700
0747744000
4007740740
0747704400
0440774700
0040744770
7744704000
0040774470
4470770040
4007707440
7447704000
4770740040
4004707740
4407007740
4770070440
4774070040
0044074770
7747044000
4007047740
7747004400
0440074770
7000474470
7447400070
7040440770
0770447040
4074407700
7704404070
4470477000
0077407440
7704740040
4004740770
7407700440
0447707400
0470774400
4400770470
0044747700
0774744000
0477074040
4047077400
0744007740
7744000740
4700044770
4770044700
4047070470
7407074040
7407474000
0047470470
7744400700
0704407740
4770440700
0700444770
4007477400
0477470040
4747070400
0407074740
4707044700
0744070740
0470740740
4704707400
0004777440
7444770000
0007744470
4477740000
0740740470
7404704700
0747447000
0074474700
0777404400
4407400770
7700470440
0440477700
7007440740
4704470070
7007744040
4044770070
7740700440
0440707740
4770704400
4400704770
4047747000
0074774040
4000774740
4747700040
4040770740
0740774040
4047704700
4707704040
4740774000
0047704740
0740077440
4477004700
0077044740
4747040070
7004074740
4744077000
7440070740
4707004470
7007440470
7404470070
7700440470
0470447700
0774407400
7404400770
0477447000
0074477400
4047074700
0747074040
4740074700
4700074740
4747000740
0747004740
4707074040
4047070740
0470440770
7704407400
0004477470
7474470000
0007447470
7477440000
0770440470
7404407700
4447007701
0770074441
4774074001
4004074771
7747040041
0047047741
7707004441
4440070771
0444707700
0770744400
0474774000
4004770470
7407740040
0047747400
7704700440
4400740770
4077044700
0744077040
4740077400
7400074740
4747000470
0477004740
4707044070
7044070740
4477700040
4000777440
4704707040
7044704700
0740744070
4070740740
0047704470
7440774000
7074474000
0047447070
7440407700
7700407440
4470400770
0770404470
4004477070
7077440040
4040774700
0747704040
4700774040
4047700740
7740400740
4700404770
7007474040
4047477000
0077474040
4047470070
0740407740
4770404700
7400407740
4770400470
7074470040
0044477070
7077444000
4007447070
7740407400
0470404770
0400774470
7447700400
0044740770
0774740040
4004747700
7704744000
4470770400
0407707440
7700704441
4440700771
7047740041
0047747041
4074774001
4004774071
4440707701
0770704441
0477044070
7044077400
0744007470
7474000740
4700047470
7470044700
4077040470
7404077040
7007404740
4740470070
7740470040
0040477740
4777404000
4007404770
4747407000
0070474740
4700707440
4470700740
4077740040
0047744070
7044774000
4004777040
7440704700
0740704470
4400074770
7747000440
4044070770
0774074040
4047047700
7707044040
4770074400
0447007740
7440740700
0704704470
7004774400
4404777000
0077740440
0447740070
0700747440
4474700700
4007747400
0474770040
4770740400
0400744770
7744700400
0404707740
7407744000
0044770470
4407704700
0740770440
4744770000
0004774740
4747740000
0007744740
4707704400
0440770740
7074404700
0740447070
7440477000
7000477440
4477400070
0077404470
4704407070
7070440740
7070470440
4407407070
7000447740
7740447000
0074404770
4774400070
0440477070
7077404400
7700440740
4704400770
7007470440
0447477000
0077474400
4407470070
0740447700
0774404700
7740474001
0047404771
7047404701
4707407041
4070470741
0740474071
4000477741
4777400041
4077700440
4400777040
4700747040
7040744700
0744704070
4074700740
0447704070
7040774400
4774700040
4000747740
4407707040
7047704400
0440774070
4070770440
0044704770
7740744000
4407004770
7740070440
4744070070
0074074740
4747047000
7007044740
4777004400
0440077740
0007474740
4747470000
0740470740
4707404700
0070447740
4774407000
0070477440
7440470070
7007404470
4477407000
7740440070
7004404770
7707440400
0404470770
0407447700
0774470400
7044470700
0707444070
7400474700
4700477400
0477400740
0747400470
0704477040
4077440700
7470074040
4047007470
7044007740
7744007040
4070044770
4770044070
4040077470
7477004040
7004477400
0477440070
7470440700
0700447470
7474400700
0704407470
7404477000
0077440470
0704474700
0747440700
0447470700
0707470440
4407470700
0707474400
4704470700
0707440740
7070704441
4440707071
7040747041
4074704071
4077744000
0044777040
4740707400
7400704740
4740700470
0470704740
4007744070
7044770040
0477407040
4070477400
0774407040
7044400770
7700444070
4070447700
7047400470
7400474070
4070774400
0447707040
4040747700
7700744040
4044700770
0774704040
4400774070
7047700440
7047404071
7040474071
7740404071
4070407741
4770407041
7040404771
4077407041
4070477041
4707040740
4704070740
4707070440
0447074700
0747074400
4407070740
0747044700
0744074700
4400707470
7470700440
4074740070
0074744070
7044747000
7004747040
7470704400
0440707470
7400447700
0774400470
7074470400
0404477070
7077440400
0407447070
7700447400
0474400770
4477040700
0704077440
4704077400
7404074700
0747040470
0477040740
0707044470
7444070700
7704404700
0740440770
7447470000
0007477440
4477470000
0007474470
4704407700
0770440740
4477040070
7004077440
4704007470
7474004700
0740047470
7470040740
0077044470
7444077000
0404777400
0477740400
0474740700
0704740470
7404740700
0704747400
7404770400
0407740470
7444007070
7070044470
7474004070
4074007470
7470047040
7040047470
7074007440
4470047070
4470700470
7400707440
4004747070
7074744000
0044747070
7074740040
0470704470
7440707400
7044070470
7407044070
7400044770
4770047400
0474007740
7744000470
0474077040
4077047400
7070074441
4447007071
7040047741
7740047041
4074004771
4774004071
4440077071
7077004441
4040777400
0477704040
4070744700
4700744070
7044700740
0744707040
7400774040
4047700470
0700447740
4774400700
0077470440
0447470070
7007474400
4407477000
7740440700
0704404770
0747070440
4407074700
0707044740
4747040700
0704074740
4744070700
0447070740
4707074400
4774000470
7400047740
4407047070
7077044400
0444077070
7074070440
0474004770
7740047400
4074040770
7704047040
4400077470
7470074400
0447007470
7477000440
0774044070
7044047700
4777040040
4004077740
4707007440
7447004700
0740074470
4470070740
0047044770
7744074000
4070047470
7474007040
7470044070
7044007470
4404700770
7700740440
4404770070
0074774400
0447747000
7007740440
0774704400
0440747700
4000744770
7744700040
4040770470
0470774040
4047707400
7407704040
4770744000
0044707740
7070444070
7044407070
7040407470
7470407040
4070407470
7470404070
4070447070
7074407040
7700404470
7440400770
7047440070
0077447040
4074477000
7004474070
4470407700
0770407440
7444070070
7007044470
7404004770
4774007400
0470047740
7740040470
0074077440
4477047000
0740404771
7740404701
0047474071
4077470041
4007477041
7047474001
4770400741
4700407741
0474407700
0770447400
0474477000
7004470470
7407440070
0077447400
7704400470
7400440770
7040470740
4707404070
7000474740
4740477000
0077404740
4747400070
0740477040
4077404700
7004740740
4704740070
7400770440
0440777400
0477704400
4407700470
0744747000
0074744700
4707440700
0704470740
4707470400
0407474700
0747470400
0407470740
0707444700
0744470700
7470740400
0404707470
7004747400
7404747000
0074740470
0474740070
0400747470
7474700400
7447040070
7004074470
7704004470
4474007700
0770047440
7440040770
0077047440
4474077000
7474040070
7004047470
7404007470
7474007400
0470047470
7470040470
0074047470
7474047000
4070404770
7740407040
4040477070
7070474040
4047407070
7077404040
4770404070
7040407740
7077044040
4044077070
7740007440
7440007740
4770004470
4470004770
4047047070
7074074040
4470740070
7004707440
4004707470
7474704000
0040747470
7470740040
0070744470
7444707000
4074047070
7074047040
4470007470
7470004470
7440007470
7470007440
7074044070
7044047070
7740004740
4740004770
7047074040
4047077040
4077074040
4047074070
4740007740
4770004740
4704007740
4770040740
4477070040
0047074470
7447074000
4007077440
7744004700
0740044770
7074400470
7400447070
7070447400
0474407070
7704040470
7404040770
7407040470
0477047400
0474077400
7404070470
0474047700
0774047400
7074740400
0404747070
7400747400
0474700470
7744470000
0007444770
7407404700
4707407400
0470470740
0740470470
0004477740
4777440000
0447407070
7070474400
0774404070
4074400770
7700447040
7040447700
7077400440
4400477070
7404407070
7070440470
7474400070
0074407470
7470447000
7000447470
7074407400
0470447070
4707440070
7004470740
4707400470
0477404700
0740477400
7400470740
0077444700
0744477000
4047740700
0704774040
4700774400
4400774700
0747700440
0447700740
0707744040
4044770700
0777004441
4440077701
0747047041
7047040741
4704074071
4074074701
4447000771
7700074441
7747440000
0004474770
7707404400
4407407700
0770470440
0440470770
0007447740
4774470000
4007470470
7407470040
4700440770
0770444700
0744407700
7704400740
0477474000
0047477400
7077040440
4404077070
7700047440
7440047700
0774004470
4474000770
0447047070
7074074400
0440770470
7407704400
0004744770
4774740000
0004747740
7744740000
0470770440
4407707400
0404774070
7047740400
0444700770
0774700440
4400747700
7700744400
4074770400
0407747040
4070474700
0747407040
4040477700
7700474040
4047400770
0777404040
4700474070
7047400740
7000774441
4447700071
7040740741
0740747041
4074704701
4704704071
4440777001
0077704441
4007044770
7744070040
4740070470
0470074740
4747007400
7407004740
4777044000
0044077740
7474000470
7400047470
7404047070
7074047400
0474047070
7074040470
0474007470
7470047400
4774004701
0740047741
4447077001
7007074441
4447070071
0077074441
4704004771
7740040741
0774047040
4074047700
0477007440
7447000470
7400074470
4470077400
7044040770
7704044070
0474704070
7040747400
0444707070
7074700440
4400747070
7070744400
4074700470
7400747040
4700407470
7470400740
4077440070
0077444070
7044477000
7004477040
7470404700
0740407470
7477040400
0404077470
7704047400
7404047700
0774040470
0474040770
0407047470
7474070400
7070047440
4474007070
7440047070
7074004470
7074704040
4040747070
7440707040
7040707440
4470704070
4070704470
4044707070
7070744040
7007444700
0744470070
7740470400
0400477740
4777400400
0407404770
4707447000
0074470740
4007047470
7474070040
4770040470
0470044770
7744007400
7404007740
7477044000
0044077470
7707040440
4404070770
0447047700
0774074400
0474700740
4700747400
0404777040
7044770400
0407744070
4077740400
0744700470
7400744700
7740044700
0744004770
7047074400
4407077040
4077070440
0447074070
4700047740
4774000740
0704477400
0477440700
0707440470
7404470700
0447004770
7740074400
0744074070
4074070740
4707047040
7047044700
4777000440
4400077740
7747400040
4000474770
7707404040
4047407700
0770474040
4040470770
0047407740
4770474000
4407704070
7040770440
4744700070
0074704740
4740747000
7000744740
4077704400
0440777040
4770007440
4470007740
4077047040
7047044070
7044074070
4074077040
7440004770
7740004470
4770074040
4047007740
7747004040
4040074770
4077407400
0470477040
4770447000
7000444770
7744400070
0074407740
7407404070
7040470470
4774070400
0407047740
4407047700
7707044400
0444070770
0774070440
0404074770
7747040400
0044707470
7470744000
0470744070
4070740470
7404707040
7044707400
7474700040
4000747470
4007747040
4074770040
4770700440
0440704770
7740704400
4400707740
7047744000
0044774070
0774474000
0047447700
0447407700
7707400440
4400470770
0770474400
4004470770
7707440040
4407070470
7407070440
4704040770
0774044700
0744047700
7704040740
0477074400
0447077400
7407400740
4700470470
7704470040
0044477700
0777444000
4007440770
0747407400
0470474700
4700477041
4077400741
0747404071
7040474701
0747004470
7440074700
0747044070
4077040740
4704077040
7044074700
4477000740
4700077440
7747404001
0040474771
4007407741
4770470041
7704470400
0407440770
7407440700
0707447400
0474470700
0704470470
0404477700
0777440400
7407400471
7400470471
7704440071
0074447701
0774447001
7004440771
0477407401
0470477401
7404707400
0470740470
7474740000
0004747470
7047440700
0704474070
7700474400
4400477700
0777400440
0447400770
0707447040
4074470700
0477400471
7400477401
0704447071
7074440701
7004447071
7074440071
7470400471
0470407471
7470407401
7400407471
7074447001
0074447071
0074440771
7704447001
0400477471
7470470401
0407407471
7477400401
0774440071
7004447701
7740740041
4004704771
7007704441
4447707001
0070774441
4440770071
0040747741
4774704001
4077704040
4040777040
4740707040
7040704740
4740704070
4070704740
4047704070
7040774040
0444777000
0077744400
0474704700
4704700470
7400740740
0740747400
7004770440
4407740070
0447700470
7400774400
0704744070
4074740700
0704747040
7044740700
0477700440
4400777400
0704047470
7474040700
0477040470
7404077400
4704477000
0077440740
4477400700
0707404470
7440470700
0700477440
7004474700
0747440070
0400747740
4774700400
0074770440
0444770070
7007744400
4407747000
7740740400
0404704770
4704070470
7407040740
4407040770
0777044400
0444077700
7704070440
0474074700
0747047400
0407407740
4770470400
0774470040
0044470770
7707444000
4007447700
7747400400
0400474770
0400777440
4477700400
0074740740
0744740070
7004744700
4704747000
7440770400
0407704470
0474770400
0407747400
0404747700
7704740400
0404740770
0774740400
0404770470
7407740400
0477740040
4004777400
0704707440
7444700700
0700744470
4470740700
0047740470
7404774000
0477047040
4074077400
0774007440
7444000770
7700044470
4470047700
7047040470
7404074070
0770740440
4404707700
0007747440
7447740000
0004774470
4474770000
0440740770
7704704400
0707407440
4470470700
0777440040
0047440770
7704474000
4004477700
7447400700
0700474470
4077474000
0047477040
4740407700
7700404740
4740400770
0770404740
4007474070
7047470040
4044777000
0077744040
4470704700
4700704470
7440700740
0740707440
7004774040
4047740070
0744077400
0477044700
4707040470
7404070740
7744040700
0704044770
7407074400
4407077400
0477070440
0447070470
0704047740
4774040700
0707744400
0444770700
0747740400
0407740740
4704770400
0404774700
4407740700
0704770440
4777004040
4040077740
4747007040
7047004740
4740074070
4070074740
4047004770
7740074040
0070444770
7744407000
0040477470
7470470040
4007407470
7477404000
4770440070
7004407740
