0707747440
4474770700
0777740440
0447740770
7704774400
4404777700
7447740700
0704774470
4777700440
4400777740
4707747040
7047744700
0744774070
4074770740
0447704770
7740774400
4077704740
4740777040
7040774740
4747704070
7074704472
7440747072
7070747442
4474707072
4707744702
0744770742
4747770402
0407774742
7400474770
7747400470
7044470770
0774477040
4077447700
7707444070
4770477400
0477407740
4477700740
4700777440
4704777040
7044774700
0747744070
4077740740
0747704470
7440774700
0047744770
7744774000
0740774470
4470770740
4707707440
7447704700
4777740040
4004777740
4407077740
4777070440
4774070740
0744074770
7747044700
4707047740
7747074400
0447074770
7700474470
7447400770
7047440770
0777447040
4074477700
7704474070
4470477700
0777407440
7704740742
4704740772
7407770442
0447777402
0477774402
4407770472
0744747702
0774744702
0477074740
4747077400
0744077740
7744070740
4707044770
4777044700
4747070470
7407074740
7477474000
0047477470
7744407700
7704407740
4770440770
0770444770
4007477470
7477470040
0470747742
4774707402
0074777442
7444770072
7007744472
4477747002
7740740472
7404704772
0747447700
0774474700
0777474400
4407470770
7707470440
0447477700
7707440740
4704470770
7707744040
4044770770
7747700440
0447707740
4770774400
4400774770
4047747700
0774774040
4070774740
4747707040
4040777740
7740774040
4047704770
4777704040
4740774070
7047704740
0747077440
4477074700
0777044740
4747040770
7704074740
4744077700
7447070740
4707074470
7707440470
7404470770
0477447700
0774477400
4047774702
0747774042
4740774702
4700774742
4747700742
0747704742
4707774042
4047770742
0470447772
7774407402
0074477472
7474470072
7007447472
7477447002
7770440472
7404407772
0444707772
7770744402
0474774072
4074770472
7407747042
7047747402
7774700442
4400747772
4477707042
4070777442
4774707042
7044704772
7740744072
4070747742
7047704472
7440774072
7074474072
7047447072
7440407772
7770407442
4470407772
7770404472
4074477072
7077447042
7740407740
4770404770
7077474040
4047477070
7407407742
4770470472
7774470042
0044477772
7777444002
4007447772
7747407402
0470474772
0470774472
7447707402
0044747772
7774740042
4004747772
7774744002
4470770472
7407707442
7477044070
7044077470
7744007470
7474007740
4770047470
7470044770
4077047470
7474077040
7077404740
4740477070
7740477040
7040477740
4777404070
4077404770
4747407070
7070474740
4770707442
4470707742
4077747042
7047744072
7044774072
4074777042
7440704772
7740704472
4470074772
7747007442
4044077772
7774074042
4047047772
7777044042
4770074472
7447007742
7440740772
7704704472
7004774472
4474777002
0077747442
7447740072
0770747442
4474707702
4077747402
0474777042
4770747402
7400744772
7744700472
0474707742
7407744072
7044770472
4407704770
7740770440
4744770070
0074774740
4747747000
7007744740
4777704400
0440777740
7774404702
0740447772
7447477002
7007477442
4477470072
0077474472
4704407772
7770440742
7770470442
4407407772
7007447742
7747447002
0074474772
4774470072
0440477772
7777404402
7007474470
7447470070
7740440770
0770447740
4774407700
7704404770
4477477000
0077477440
4077707442
4470777042
4770747042
7040744772
7744704072
4074707742
7447704072
7040774472
4407074770
7747070440
4744070770
0774074740
4747047700
7707044740
4777074400
0447077740
0747744702
0744774702
0747774402
4407770742
4707770442
0447774702
4707740742
4704770742
0077474740
4747477000
0740477740
7740470740
4707404770
4777404700
4747470070
7007474740
7744470700
0707444770
7407474700
4707477400
0477470740
0747470470
0704477740
4777440700
7440477070
7077404470
7074404770
4774407070
7070447740
7740447070
7070477440
4477407070
7470774040
4047707470
7044707740
7744707040
4070744770
4770744070
4040777470
7477704040
7074477400
0477447070
7470447700
7700447470
7474400770
0774407470
7404477070
7077440470
0704474770
7747440700
0447470770
0777470440
4407477700
7707474400
4774470700
0707447740
4077744700
0744777040
4740777400
7400774740
4747700470
0477704740
4707744070
7044770740
4407707470
7470770440
4774740070
0074744770
7744747000
7004747740
7477704400
0440777470
7400447772
7774400472
7074470472
0474477072
7077447402
7407447072
7770447402
0474407772
4407707740
4770770440
4774770040
0044774770
7747744000
4007747740
7747704400
0440774770
4477740700
0704777440
4704777400
7404774700
0747740470
0477740740
0707744470
7444770700
4477047070
7074077440
4774007470
7474004770
7740047470
7470047740
7077044470
7444077070
0404777470
7477740400
0474740770
0774740470
7404747700
7704747400
7474770400
0407747470
7444707072
7070744472
7474704072
4074707472
7470747042
7040747472
7074707442
4470747072
4477700470
7400777440
4704747070
7074744700
0744747070
7074740740
0477704470
7440777400
4774070472
7407047742
4407047772
7777044402
0444077772
7774070442
0474074772
7747047402
4074740770
7704747040
4400777470
7470774400
0447707470
7477700440
0774744070
7044747700
4777040740
4704077740
4707077440
7447074700
0747074470
4477070740
0747044770
7744074700
4474700770
7700747440
4404777070
7074774400
0447747070
7077740440
0774704470
7440747700
4007744770
7744770040
4740770470
0470774740
4747707400
7407704740
4777744000
0044777740
7770444072
7044407772
7047407472
7477407042
4070477472
7470474072
4070447772
7774407042
0474477700
0777447400
7704470470
7407440770
0770447470
7474407700
0077447470
7477440070
7004477470
7474477000
7470440770
7704407470
4407477070
7077470440
4774400770
0774404770
7740447700
7700447740
7077474400
0447477070
4707440770
7704470740
4707470470
0477474700
0747477400
7407470740
0777444700
0744477700
7470747402
0474707472
7074747402
7404747072
7074740472
0474747072
7400747472
7474700472
7474740072
7004747472
7404707472
7474707402
0470747472
7470740472
0074747472
7474747002
7077744040
4044777070
7740707440
7440707740
4770704470
4470704770
4047747070
7074774040
0744704772
7740744702
0447774072
4077770442
4407777042
7047774402
4774700742
4700747742
7404777400
0477740470
7474740700
0704747470
4074047772
7774047042
4470077472
7470074472
7447007472
7477007442
7774044072
7044047772
7740704742
4740704772
7047774042
4047777042
4077774042
4047774072
4740707742
4770704742
4704707742
4770740742
4477770042
0047774472
7447774002
4007777442
7744704702
0740744772
7704047470
7474040770
7477040470
0477047470
7474077400
7404077470
7474047700
0774047470
4777470400
0407477740
4707447700
7707444700
0744470770
0774470740
0407474770
7747470400
4774477000
0077447740
4477407700
7707404470
7440470770
0770477440
7004474770
7747440070
0077744470
7444777000
0740747470
7470740740
4704707470
7474704700
4477740070
7004777440
7440770472
7407704472
7004744772
4774747002
0074747742
7744740072
0470777442
4477707402
0404774770
7747740400
0444770770
0774770440
4407747700
7707744400
4774770400
0407747740
4077474700
0747477040
4740477700
7700474740
4747400770
0777404740
4707474070
7047470740
0774047740
4774047700
0477077440
7447070470
7407074470
4477077400
7744040770
7704044770
4707407470
7470470740
4777440070
0077444770
7744477000
7004477740
7477404700
0740477470
4047407772
7770474042
4770474072
4070474772
7747407042
7047407742
7777404042
4040477772
7744077040
4077044770
7477004740
4747007470
7470074740
4740077470
7044077740
4777044070
7477047402
0474077472
7774047402
7404047772
7774040472
0474047772
7407047472
7474070472
7774704042
4040747772
7447707042
7047707442
4470774072
4070774472
4044707772
7770744042
0774074472
7447047702
0447047772
7777040442
4404077772
7774074402
4474070772
7707047442
7407744700
0744770470
7744770400
0404777740
4777740400
0407744770
4707747400
0474770740
7077444700
0744477070
7740477400
7400477740
4777400470
0477404770
4707447070
7074470740
7074477040
4077447070
7470407740
7740407470
7470404770
4770407470
7044477070
7077444070
0474777402
0477747402
0474747702
7704740472
7404740772
0774747402
7404770472
7407740472
4007747470
7474770040
4770740470
0470744770
7744707400
7404707740
7477744000
0044777470
0477477040
4077477400
0774407740
7744400770
7700444770
4770447700
7047470470
7407474070
7707740440
4404770770
0447747700
0774774400
7474700740
4700747470
7404777040
7044777400
0477744070
4077740470
0744707470
7470744700
7740044770
7744004770
7047074470
4477077040
4077077440
7447074070
4770047740
4774007740
0704477470
7477440700
0477440770
0777440470
7404477700
7704477400
7474470700
0707447470
0777044470
7444077700
0747047470
7477040740
4704077470
7474074700
4477040770
7704077440
4477704070
7040777440
4744707070
7074704740
4740747070
7070744740
4077704470
7440777040
4770074740
4747007740
4047077740
7747074040
4047074770
4777074040
4740074770
7747004740
4777407400
0470477740
4777447000
7007444770
7744470070
0074477740
7407404770
7740470470
7474407070
7070447470
7074407470
7470447070
7044707472
7470744072
4070747472
7474707042
0774474072
7047447702
0447407772
7777400442
4400477772
7770474402
4074470772
7707447042
4477070472
7407077442
4704047772
7774044702
0744047772
7774040742
0477074472
7447077402
4777004470
7440077740
4747047070
7077044740
4744077070
7074074740
4477004770
7740077440
7047740472
7404774072
7700744472
4470747702
0774707442
7444700772
0477747042
4074777402
4747770042
4007774742
4707704742
4747704702
0740774742
4740770742
0047774742
4747774002
7774470402
0407447772
7407447702
7707447402
0474470772
0774470472
0404477772
7777440402
7707474040
4047470770
7747400740
0747407740
4770474700
4700474770
4047477700
0777474040
0444777070
7077744400
0474704770
4774700470
7400747740
7740747400
7074770440
4407747070
0447770472
7407774402
0704744772
4774740702
0704747742
7744740702
0477770442
4407777402
0747747400
0474774700
0777744400
4407740770
7704770440
0444777700
7407740740
4704770470
0474770472
7407747402
0404747772
7774740402
7770447042
4074407772
7077407442
7447407072
7070474472
4470477072
7040447772
7774404072
7770740442
4404707772
7007747442
7447747002
0074774472
4474770072
0440747772
7774704402
0707477440
4477470700
0777440740
0747440770
7704474700
4704477700
7447470700
0707474470
7744077400
0477044770
7477044700
4707047470
7474070740
0744077470
7404077740
4777040470
4044777700
0777744040
4470774700
4700774470
7447700740
0747707440
7704774040
4047740770
7747470040
4007474770
7707404740
4747407700
0770474740
4740470770
0047477740
4777474000
7744047700
0774044770
7477074400
4407077470
7477070440
0447077470
7704047740
4774040770
7700744742
4744700772
7047770442
0447777042
4077774402
4407774072
4740747702
0774704742
7470704740
4740707470
7044777040
4077744070
4074747072
7074747042
4470707472
7470704472
7440707472
7470707442
7074744072
7044747072
