4707747440
4474770740
4777740440
0447744770
7744774400
4404777740
7447744700
0744774470
4077744740
4744777040
4740777440
7440774740
4747704470
4477704740
4747744070
7044774740
7404474770
7747440470
7444470770
0774477440
4477447700
7707444470
4774477400
0477447740
4477740740
4704777440
7444774700
0747744470
4407477741
4777470441
4774470741
0744474771
7747444701
4707447741
7747474401
0447474771
7704474470
7447440770
0777447440
4474477700
0477474740
4747477400
0744477740
7744470740
4707444770
4777444700
4747470470
7407474740
7477474401
0447477471
7744447701
7704447741
4774440771
0774444771
4407477471
7477470441
0747447741
4774474701
0777474441
4447470771
7707474441
4447477701
7747440741
4704474771
7707744441
4444770771
7747740441
0447747741
4774774401
4404774771
4447747701
0774774441
4470774740
4747707440
4044777740
7744774040
4047744770
4777744040
4740774470
7447704740
0747477440
4477474700
0777444740
4747440770
7704474740
4744477700
7447470740
4707474470
4777044740
4744077740
4747077440
7447074740
4747074470
4477074740
4747044770
7744074740
7740447741
4774404771
7077474441
4447477071
7477444070
7044477470
7744407470
7474407740
4770447470
7470444770
4077447470
7474477040
7077444740
4744477070
7740477440
7440477740
4777404470
4477404770
4747447070
7074474740
4407744770
7744770440
4744770470
0474774740
4747747400
7407744740
4777744400
0444777740
7047474471
7447474071
7740444771
4770447741
4774407741
7744404771
4477477041
4077477441
4407474770
7747470440
4744470770
0774474740
4747447700
7707444740
4777474400
0447477740
0774447741
4774447701
0477477441
7447470471
7407474471
4477477401
7744440771
7704444771
7440477471
7477404471
7074444771
4774447071
7074447741
7744447071
7470477441
4477407471
7474774040
4047747470
7444707740
7744707440
4470744770
4770744470
4044777470
7477744040
7074477440
4477447070
7470447740
7740447470
7474404770
4774407470
7444477070
7077444470
4770774441
4447707741
4047747741
7747744041
4044774771
4774774041
4440774771
7747704441
4747047741
4774074741
4777074441
4447074771
7747074441
4447077741
7747044741
4744074771
4407747470
7474770440
4774740470
0474744770
7744747400
7404747740
7477744400
0444777470
4477047470
7474077440
4774047470
7474044770
7744047470
7474047740
7477044470
7444077470
4477704470
7440777440
4744747070
7074744740
4744777400
0477744740
4477744700
4707744470
7444770740
0744777440
7404774740
4747740470
4074744771
7744747041
4440777471
7470774441
4447707471
7477704441
4774744071
7044747741
4777440741
4704477741
4707477441
7447474701
0747474471
4477470741
0747444771
7744474701
4474740770
7704747440
4404777470
7474774400
0447747470
7477740440
0774744470
7444747700
7044477740
4777444070
7470474740
4740477470
7477404740
4747407470
7744477040
4077444770
0774447471
7474447701
0477447471
7477440471
7404477471
7474477401
7474440771
7704447471
4770444770
7744407740
4047477470
7477474040
7444777400
0477744470
7474744700
4704747470
7474740740
0744747470
7404777440
4477740470
0444774770
7747744400
4774770440
4407747740
4077474741
4747477041
4740477741
7740474741
4747404771
4777404741
4747474071
7047474741
7740774441
4447704771
7047744741
4747747041
4074774741
4744774071
4440777741
4777704441
4774047740
4477077440
7447074470
7744044770
7744077440
4477044770
7477044740
4747047470
7474074740
4744077470
7444077740
4777044470
7477444700
0744477470
7744477400
7404477740
4777440470
0477444770
4707447470
7474470740
0777444470
7444477700
0747447470
7477440740
4704477470
7474474700
4477440770
7704477440
4477744070
7044777440
4744707470
7474704740
4740747470
7470744740
4077744470
7444777040
4777407441
4470477741
4777447041
7047444771
7744474071
4074477741
7447404771
7740474471
7474447071
7074447471
7474407471
7470447471
4444777071
7077744441
4474704771
4774704471
7440747741
7740747441
7074774441
4447747071
0747747441
4474774701
0777744441
4447740771
7704774441
4444777701
7447740741
4704774471
4774477041
4077447741
4477407741
7747404471
7440474771
4770477441
7044474771
7747444071
7747474041
4047474771
7747404741
4747407741
4770474741
4740474771
4047477741
4777474041
7744047741
4774044771
7477074441
4447077471
