4777747442
4474777742
7447744772
7744774472
4777744742
4744777742
4747777442
7447774742
4747774472
4477774742
4747744772
7744774742
7474474772
7747447472
7444477772
7774477442
4477447772
7777444472
4774477472
7477447742
4477747742
4774777442
7444774772
7747744472
7774474472
7447447772
7777447442
4474477772
7477474743
4747477473
7744477743
4777444773
7747477442
4477474772
7777444742
4747447772
7774474742
4744477772
7447477742
4777474472
7477444773
7744477473
7474477743
4777447473
4477744773
7744777443
4744777473
7474774743
4747747473
7477744743
4777744473
7444777743
4477747472
7474777442
4774747472
7474744772
7744747472
7474747742
7477744472
7444777472
4477774472
7447777442
4744747772
7774744742
4474747772
7774747442
4474777472
7474774472
7447747472
7477747442
7774744472
7444747772
4774747742
4477777442
7447774472
7744744772
7474744743
4744747473
7444777443
4477744473
7744477443
4477444773
7477444743
4747447473
7474474743
4744477473
7444477743
4777444473
